name: orthofinder
channels:
  - bioconda
  - conda-forge
  - defaults
  - R
dependencies:
  - _libgcc_mutex=0.1=conda_forge
  - _openmp_mutex=4.5=2_gnu
  - aria2=1.36.0=h43d1f13_4
  - blast=2.14.0=pl5321h6f7f691_2
  - brotli-python=1.0.9=py311ha362b79_9
  - bzip2=1.0.8=h7f98852_4
  - c-ares=1.19.1=hd590300_0
  - ca-certificates=2023.7.22=hbcca054_0
  - certifi=2023.7.22=pyhd8ed1ab_0
  - charset-normalizer=3.2.0=pyhd8ed1ab_0
  - curl=8.2.1=hca28451_0
  - diamond=2.1.8=h43eeafb_0
  - entrez-direct=16.2=he881be0_1
  - fastme=2.1.6.1=h031d066_3
  - fasttree=2.1.11=h031d066_2
  - gawk=5.1.0=h7f98852_0
  - gettext=0.21.1=h27087fc_0
  - gmp=6.2.1=h58526e2_0
  - icu=72.1=hcb278e6_0
  - idna=3.4=pyhd8ed1ab_0
  - iqtree=2.2.3=h21ec9f0_0
  - keyutils=1.6.1=h166bdaf_0
  - krb5=1.21.2=h659d440_0
  - ld_impl_linux-64=2.40=h41732ed_0
  - libblas=3.9.0=17_linux64_openblas
  - libcblas=3.9.0=17_linux64_openblas
  - libcurl=8.2.1=hca28451_0
  - libedit=3.1.20191231=he28a2e2_2
  - libev=4.33=h516909a_1
  - libexpat=2.5.0=hcb278e6_1
  - libffi=3.4.2=h7f98852_5
  - libgcc-ng=13.1.0=he5830b7_0
  - libgfortran-ng=13.1.0=h69a702a_0
  - libgfortran5=13.1.0=h15d22d2_0
  - libgomp=13.1.0=he5830b7_0
  - libiconv=1.17=h166bdaf_0
  - libidn2=2.3.4=h166bdaf_0
  - liblapack=3.9.0=17_linux64_openblas
  - libnghttp2=1.52.0=h61bc06f_0
  - libnsl=2.0.0=h7f98852_0
  - libopenblas=0.3.23=pthreads_h80387f5_0
  - libsqlite=3.42.0=h2797004_0
  - libssh2=1.11.0=h0841786_0
  - libstdcxx-ng=13.1.0=hfd8a6a1_0
  - libunistring=0.9.10=h7f98852_0
  - libuuid=2.38.1=h0b41bf4_0
  - libxml2=2.11.5=h0d562d8_0
  - libzlib=1.2.13=hd590300_5
  - mafft=7.520=h031d066_2
  - mcl=22.282=pl5321h031d066_0
  - mmseqs2=14.7e284=pl5321h6a68c12_2
  - mpi=1.0=openmpi
  - muscle=5.1=h4ac6f70_3
  - ncbi-vdb=3.0.0=pl5321h87f3376_0
  - ncurses=6.4=hcb278e6_0
  - numpy=1.25.2=py311h64a7726_0
  - openmpi=4.1.5=h414af15_101
  - openssl=3.1.2=hd590300_0
  - orthofinder=2.5.5=hdfd78af_1
  - packaging=23.1=pyhd8ed1ab_0
  - pcre=8.45=h9c3ff4c_0
  - perl=5.32.1=4_hd590300_perl5
  - perl-archive-tar=2.40=pl5321hdfd78af_0
  - perl-carp=1.38=pl5321hdfd78af_4
  - perl-common-sense=3.75=pl5321hdfd78af_0
  - perl-compress-raw-bzip2=2.201=pl5321h87f3376_1
  - perl-compress-raw-zlib=2.105=pl5321h87f3376_0
  - perl-encode=3.19=pl5321hec16e2b_1
  - perl-exporter=5.72=pl5321hdfd78af_2
  - perl-exporter-tiny=1.002002=pl5321hdfd78af_0
  - perl-extutils-makemaker=7.70=pl5321hd8ed1ab_0
  - perl-io-compress=2.201=pl5321hdbdd923_2
  - perl-io-zlib=1.14=pl5321hdfd78af_0
  - perl-json=4.10=pl5321hdfd78af_0
  - perl-json-xs=2.34=pl5321h4ac6f70_6
  - perl-list-moreutils=0.430=pl5321hdfd78af_0
  - perl-list-moreutils-xs=0.430=pl5321h031d066_2
  - perl-parent=0.236=pl5321hdfd78af_2
  - perl-pathtools=3.75=pl5321hec16e2b_3
  - perl-scalar-list-utils=1.62=pl5321hec16e2b_1
  - perl-types-serialiser=1.01=pl5321hdfd78af_0
  - pip=23.2.1=pyhd8ed1ab_0
  - platformdirs=3.10.0=pyhd8ed1ab_0
  - pooch=1.7.0=pyha770c72_3
  - pysocks=1.7.1=pyha2e5f31_6
  - python=3.11.4=hab00c5b_0_cpython
  - python_abi=3.11=3_cp311
  - raxml=8.2.12=h031d066_6
  - raxml-ng=1.2.0=h6d1f11b_1
  - readline=8.2=h8228510_1
  - requests=2.31.0=pyhd8ed1ab_0
  - scipy=1.11.2=py311h64a7726_0
  - setuptools=68.1.2=pyhd8ed1ab_0
  - tk=8.6.12=h27826a3_0
  - typing-extensions=4.7.1=hd8ed1ab_0
  - typing_extensions=4.7.1=pyha770c72_0
  - tzdata=2023c=h71feb2d_0
  - urllib3=2.0.4=pyhd8ed1ab_0
  - wget=1.20.3=ha35d2d1_1
  - wheel=0.41.2=pyhd8ed1ab_0
  - xz=5.2.6=h166bdaf_0
  - zlib=1.2.13=hd590300_5
  - zstd=1.5.2=hfc55251_7
prefix: /cluster/gjb_lab/pthorpe001/conda/envs/orthofinder
